+---------------------------------------------------------------------------------------------------------------------------------------------------------------------------------------------------------------------------+
; Legal Partition Candidates                                                                                                                                                                                                ;
+----------------------+-------+----------------+--------------+----------------+--------+-----------------+---------------+-----------------+-------+----------------+--------------+------------------+-------------------+
; Hierarchy            ; Input ; Constant Input ; Unused Input ; Floating Input ; Output ; Constant Output ; Unused Output ; Floating Output ; Bidir ; Constant Bidir ; Unused Bidir ; Input only Bidir ; Output only Bidir ;
+----------------------+-------+----------------+--------------+----------------+--------+-----------------+---------------+-----------------+-------+----------------+--------------+------------------+-------------------+
; FAO_RGB              ; 351   ; 0              ; 18           ; 0              ; 534    ; 0               ; 0             ; 0               ; 0     ; 0              ; 0            ; 0                ; 0                 ;
; DISP_EST_BLUE        ; 276   ; 14             ; 43           ; 14             ; 46     ; 14              ; 14            ; 14              ; 0     ; 0              ; 0            ; 0                ; 0                 ;
; DISP_EST_GREEN       ; 276   ; 14             ; 43           ; 14             ; 46     ; 14              ; 14            ; 14              ; 0     ; 0              ; 0            ; 0                ; 0                 ;
; DISP_EST_RED         ; 276   ; 0              ; 43           ; 0              ; 46     ; 0               ; 0             ; 0               ; 0     ; 0              ; 0            ; 0                ; 0                 ;
; CONF_COMP_BLUE       ; 150   ; 14             ; 0            ; 14             ; 155    ; 14              ; 14            ; 14              ; 0     ; 0              ; 0            ; 0                ; 0                 ;
; CONF_COMP_GREEN      ; 150   ; 14             ; 0            ; 14             ; 155    ; 14              ; 14            ; 14              ; 0     ; 0              ; 0            ; 0                ; 0                 ;
; CONF_COMP_RED        ; 150   ; 0              ; 0            ; 0              ; 155    ; 0               ; 0             ; 0               ; 0     ; 0              ; 0            ; 0                ; 0                 ;
; EPIC_BLUE            ; 216   ; 16             ; 0            ; 16             ; 375    ; 16              ; 16            ; 16              ; 0     ; 0              ; 0            ; 0                ; 0                 ;
; EPIC_GREEN           ; 216   ; 16             ; 0            ; 16             ; 375    ; 16              ; 16            ; 16              ; 0     ; 0              ; 0            ; 0                ; 0                 ;
; EPIC_RED             ; 216   ; 2              ; 0            ; 2              ; 375    ; 2               ; 2             ; 2               ; 0     ; 0              ; 0            ; 0                ; 0                 ;
; SHARED_BLUE|bank_8   ; 45    ; 0              ; 4            ; 0              ; 15     ; 0               ; 0             ; 0               ; 0     ; 0              ; 0            ; 0                ; 0                 ;
; SHARED_BLUE|bank_7   ; 45    ; 0              ; 4            ; 0              ; 15     ; 0               ; 0             ; 0               ; 0     ; 0              ; 0            ; 0                ; 0                 ;
; SHARED_BLUE|bank_6   ; 45    ; 0              ; 4            ; 0              ; 15     ; 0               ; 0             ; 0               ; 0     ; 0              ; 0            ; 0                ; 0                 ;
; SHARED_BLUE|bank_5   ; 45    ; 0              ; 4            ; 0              ; 15     ; 0               ; 0             ; 0               ; 0     ; 0              ; 0            ; 0                ; 0                 ;
; SHARED_BLUE|bank_11  ; 45    ; 0              ; 4            ; 0              ; 15     ; 0               ; 0             ; 0               ; 0     ; 0              ; 0            ; 0                ; 0                 ;
; SHARED_BLUE|bank_10  ; 45    ; 0              ; 4            ; 0              ; 15     ; 0               ; 0             ; 0               ; 0     ; 0              ; 0            ; 0                ; 0                 ;
; SHARED_BLUE|bank_9   ; 45    ; 0              ; 4            ; 0              ; 15     ; 0               ; 0             ; 0               ; 0     ; 0              ; 0            ; 0                ; 0                 ;
; SHARED_BLUE|bank_8v  ; 45    ; 0              ; 4            ; 0              ; 15     ; 0               ; 0             ; 0               ; 0     ; 0              ; 0            ; 0                ; 0                 ;
; SHARED_BLUE|bank_4   ; 45    ; 0              ; 4            ; 0              ; 15     ; 0               ; 0             ; 0               ; 0     ; 0              ; 0            ; 0                ; 0                 ;
; SHARED_BLUE|bank_3   ; 45    ; 0              ; 4            ; 0              ; 15     ; 0               ; 0             ; 0               ; 0     ; 0              ; 0            ; 0                ; 0                 ;
; SHARED_BLUE|bank_2   ; 45    ; 0              ; 4            ; 0              ; 15     ; 0               ; 0             ; 0               ; 0     ; 0              ; 0            ; 0                ; 0                 ;
; SHARED_BLUE|bank_1   ; 45    ; 0              ; 4            ; 0              ; 15     ; 0               ; 0             ; 0               ; 0     ; 0              ; 0            ; 0                ; 0                 ;
; SHARED_BLUE|bank_0   ; 45    ; 0              ; 4            ; 0              ; 15     ; 0               ; 0             ; 0               ; 0     ; 0              ; 0            ; 0                ; 0                 ;
; SHARED_BLUE          ; 403   ; 16             ; 0            ; 16             ; 255    ; 16              ; 16            ; 16              ; 0     ; 0              ; 0            ; 0                ; 0                 ;
; SHARED_GREEN|bank_8  ; 45    ; 0              ; 4            ; 0              ; 15     ; 0               ; 0             ; 0               ; 0     ; 0              ; 0            ; 0                ; 0                 ;
; SHARED_GREEN|bank_7  ; 45    ; 0              ; 4            ; 0              ; 15     ; 0               ; 0             ; 0               ; 0     ; 0              ; 0            ; 0                ; 0                 ;
; SHARED_GREEN|bank_6  ; 45    ; 0              ; 4            ; 0              ; 15     ; 0               ; 0             ; 0               ; 0     ; 0              ; 0            ; 0                ; 0                 ;
; SHARED_GREEN|bank_5  ; 45    ; 0              ; 4            ; 0              ; 15     ; 0               ; 0             ; 0               ; 0     ; 0              ; 0            ; 0                ; 0                 ;
; SHARED_GREEN|bank_11 ; 45    ; 0              ; 4            ; 0              ; 15     ; 0               ; 0             ; 0               ; 0     ; 0              ; 0            ; 0                ; 0                 ;
; SHARED_GREEN|bank_10 ; 45    ; 0              ; 4            ; 0              ; 15     ; 0               ; 0             ; 0               ; 0     ; 0              ; 0            ; 0                ; 0                 ;
; SHARED_GREEN|bank_9  ; 45    ; 0              ; 4            ; 0              ; 15     ; 0               ; 0             ; 0               ; 0     ; 0              ; 0            ; 0                ; 0                 ;
; SHARED_GREEN|bank_8v ; 45    ; 0              ; 4            ; 0              ; 15     ; 0               ; 0             ; 0               ; 0     ; 0              ; 0            ; 0                ; 0                 ;
; SHARED_GREEN|bank_4  ; 45    ; 0              ; 4            ; 0              ; 15     ; 0               ; 0             ; 0               ; 0     ; 0              ; 0            ; 0                ; 0                 ;
; SHARED_GREEN|bank_3  ; 45    ; 0              ; 4            ; 0              ; 15     ; 0               ; 0             ; 0               ; 0     ; 0              ; 0            ; 0                ; 0                 ;
; SHARED_GREEN|bank_2  ; 45    ; 0              ; 4            ; 0              ; 15     ; 0               ; 0             ; 0               ; 0     ; 0              ; 0            ; 0                ; 0                 ;
; SHARED_GREEN|bank_1  ; 45    ; 0              ; 4            ; 0              ; 15     ; 0               ; 0             ; 0               ; 0     ; 0              ; 0            ; 0                ; 0                 ;
; SHARED_GREEN|bank_0  ; 45    ; 0              ; 4            ; 0              ; 15     ; 0               ; 0             ; 0               ; 0     ; 0              ; 0            ; 0                ; 0                 ;
; SHARED_GREEN         ; 403   ; 16             ; 0            ; 16             ; 255    ; 16              ; 16            ; 16              ; 0     ; 0              ; 0            ; 0                ; 0                 ;
; SHARED_RED|bank_8    ; 45    ; 0              ; 4            ; 0              ; 15     ; 0               ; 0             ; 0               ; 0     ; 0              ; 0            ; 0                ; 0                 ;
; SHARED_RED|bank_7    ; 45    ; 0              ; 4            ; 0              ; 15     ; 0               ; 0             ; 0               ; 0     ; 0              ; 0            ; 0                ; 0                 ;
; SHARED_RED|bank_6    ; 45    ; 0              ; 4            ; 0              ; 15     ; 0               ; 0             ; 0               ; 0     ; 0              ; 0            ; 0                ; 0                 ;
; SHARED_RED|bank_5    ; 45    ; 0              ; 4            ; 0              ; 15     ; 0               ; 0             ; 0               ; 0     ; 0              ; 0            ; 0                ; 0                 ;
; SHARED_RED|bank_11   ; 45    ; 0              ; 4            ; 0              ; 15     ; 0               ; 0             ; 0               ; 0     ; 0              ; 0            ; 0                ; 0                 ;
; SHARED_RED|bank_10   ; 45    ; 0              ; 4            ; 0              ; 15     ; 0               ; 0             ; 0               ; 0     ; 0              ; 0            ; 0                ; 0                 ;
; SHARED_RED|bank_9    ; 45    ; 0              ; 4            ; 0              ; 15     ; 0               ; 0             ; 0               ; 0     ; 0              ; 0            ; 0                ; 0                 ;
; SHARED_RED|bank_8v   ; 45    ; 0              ; 4            ; 0              ; 15     ; 0               ; 0             ; 0               ; 0     ; 0              ; 0            ; 0                ; 0                 ;
; SHARED_RED|bank_4    ; 45    ; 0              ; 4            ; 0              ; 15     ; 0               ; 0             ; 0               ; 0     ; 0              ; 0            ; 0                ; 0                 ;
; SHARED_RED|bank_3    ; 45    ; 0              ; 4            ; 0              ; 15     ; 0               ; 0             ; 0               ; 0     ; 0              ; 0            ; 0                ; 0                 ;
; SHARED_RED|bank_2    ; 45    ; 0              ; 4            ; 0              ; 15     ; 0               ; 0             ; 0               ; 0     ; 0              ; 0            ; 0                ; 0                 ;
; SHARED_RED|bank_1    ; 45    ; 0              ; 4            ; 0              ; 15     ; 0               ; 0             ; 0               ; 0     ; 0              ; 0            ; 0                ; 0                 ;
; SHARED_RED|bank_0    ; 45    ; 0              ; 4            ; 0              ; 15     ; 0               ; 0             ; 0               ; 0     ; 0              ; 0            ; 0                ; 0                 ;
; SHARED_RED           ; 403   ; 16             ; 0            ; 16             ; 255    ; 16              ; 16            ; 16              ; 0     ; 0              ; 0            ; 0                ; 0                 ;
; BSLPF_BLUE           ; 14    ; 0              ; 0            ; 0              ; 20     ; 0               ; 0             ; 0               ; 0     ; 0              ; 0            ; 0                ; 0                 ;
; BSLPF_GREEN          ; 14    ; 0              ; 0            ; 0              ; 20     ; 0               ; 0             ; 0               ; 0     ; 0              ; 0            ; 0                ; 0                 ;
; BSLPF_RED            ; 14    ; 0              ; 0            ; 0              ; 20     ; 0               ; 0             ; 0               ; 0     ; 0              ; 0            ; 0                ; 0                 ;
+----------------------+-------+----------------+--------------+----------------+--------+-----------------+---------------+-----------------+-------+----------------+--------------+------------------+-------------------+
